72,5
72,4
72,3
72,2
72,1
72,0
71,4
71,3
71,2
71,1
71,0
70,3
70,2
70,1
70,0
69,5
69,4
69,3
69,2
69,1
69,0
68,4
68,3
68,2
68,1
68,0
67,3
67,2
67,1
67,0
66,3
66,2
66,1
66,0
65,3
65,2
65,1
65,0
64,3
64,2
64,1
64,0
63,3
63,2
63,1
63,0
62,3
62,2
62,1
62,0
61,3
61,2
61,1
61,0
60,3
60,2
60,1
60,0
59,3
59,2
59,1
59,0
58,3
58,2
58,1
58,0
57,3
57,2
57,1
57,0
56,3
56,2
56,1
56,0
55,3
55,2
55,1
55,0
54,3
54,2
54,1
54,0
53,4
53,3
53,2
53,1
53,0
52,3
52,2
52,1
52,0
51,3
51,2
51,1
51,0
50,6
50,5
50,4
50,3
50,2
50,1
50,0
49,5
49,4
49,3
49,2
49,1
49,0
48,4
48,3
48,2
48,1
48,0
47,3
47,2
47,1
47,0
0,562
0,561
0,560
0,559
0,558
0,557
0,556
0,555
0,554
0,553
0,552
0,551
0,550
0,549
0,548
0,547
0,546
0,545
0,544
0,543
0,542
0,541
0,540
0,539
46,3
46,2
46,1
46,0
45,3
45,2
45,1
45,0
44,3
44,2
44,1
44,0
43,3
43,2
43,1
43,0
42,3
42,2
42,1
42,0
41,3
41,2
41,1
41,0
40,3
40,2
40,1
40,0
39,3
39,2
39,1
39,0
38,3
38,2
38,1
38,0
37,3
37,2
37,1
37,0
36,3
36,2
36,1
36,0
35,4
35,3
35,2
35,1
35,0
34,3
34,2
34,1
34,0
33,3
33,2
33,1
33,0
0,538
32,6
0,537
32,5
0,536
0,535
32,4
32,3
32,2
32,1
32,0
0,534
0,533
31,5
0,532
31,4
31,3
31,2
31,1
31,0
0,531
30,4
30,3
30,2
30,1
30,0
29,3
29,2
29,1
29,0
0,530
0,529
0,528
0,527
0,526
0,525
0,524
0,523
0,522
0,521
0,520
0,519
0,518
0,517
0,516
0,515
0,514
0,513
0,512
0,511
0,510
0,509
0,508
0,507
0,506
0,505
0,504
0,503
0,502
0,501
0,500
0,499
0,498
0,497
0,496
0,495
0,494
0,493
0,492
0,491
0,490
0,489
0,488
0,487
0,486
0,485
0,484
0,483
0,482
0,481
0,480
0,479
0,478
0,477
0,476
0,475
0,474
0,473
0,472
0,471
0,470
0,469
0,468
0,467
0,466
0,465
0,464
0,463
0,462
0,461
0,460
0,459
0,458
0,457
28,5
28,4
28,3
28,2
0,456
28,1
28,0
0,455
0,454
0,453
0,452
0,451
0,450
0,449
0,448
0,447
0,446
0,445
0,444
27,4
27,3
27,2
0,443
27,1
27,0
0,442
26,3
26,2
0,441
26,1
26,0
0,440
0,439
0,438
0,437
0,436
0,435
0,434
0,433
0,432
0,431
0,430
0,429
25,5
25,4
25,3
25,2
25,1
25,0
0,428
0,427
0,426
0,425
0,424
0,423
0,422
0,421
0,420
24,4
24,3
24,2
24,1
24,0
0,419
23,3
23,2
0,418
23,1
23,0
0,417
0,416
0,415
22,3
22,2
0,414
22,1
22,0
0,413
0,412
0,411
21,3
21,2
0,410
21,1
21,0
0,409
0,408
0,407
0,406
20,3
20,2
0,405
20,1
20,0
0,404
0,403
0,402
19,3
19,2
0,401
19,1
19,0
0,400
0,399
0,398
18,3
18,2
0,397
18,1
18,0
0,396
0,395
0,394
17,3
17,2
0,393
17,1
17,0
0,392
0,391
0,390
16,3
16,2
0,389
16,1
16,0
0,388
0,387
0,386
15,3
15,2
0,385
15,1
15,0
0,384
0,383
0,382
14,3
14,2
0,381
14,1
14,0
0,380
0,379
0,378
13,3
13,2
0,377
13,1
13,0
0,376
0,375
0,374
12,3
12,2
0,373
12,1
12,0
0,372
0,371
0,370
11,3
11,2
0,369
11,1
11,0
0,368
0,367
0,366
0,365
10,4
0,364
0,363
0,362
10,3
10,2
0,361
10,1
10,0
0,360
0,359
0,358
9,3
9,2
0,357
9,1
9,0
0,356
0,355
0,354
8,3
8,2
0,353
8,1
8,0
0,352
0,351
0,350
0,349
7,6
0,348
0,347
0,346
0,345
7,5
0,344
0,343
0,342
0,341
7,4
0,340
0,339
0,338
7,3
7,2
0,337
7,1
7,0
0,336
0,335
0,334
0,333
0,332
0,331
6,5
0,330
0,329
0,328
0,327
6,4
0,326
0,325
0,324
6,3
6,2
0,323
0,322
6,1
6,0
0,321
0,320
0,319
0,318
5,4
0,317
0,316
0,243
5,3
5,2
5,1
5,0
4,3
4,2
0,9
4,1
4,0
3,3
3,1
3,0
2,3
2,1
2,0
1,3
1,1
1,0
0,310
0,305
0,308
0,307
0,302
0,304
0,303
0,12
0,10
0,8
0,0
0,300
0,299
0,298
0,297
0,296
0,295
0,294
0,293
0,292
0,291
0,290
0,289
0,288
0,287
0,286
0,285
0,284
0,283
0,282
0,281
0,280
0,279
0,278
0,277
0,276
0,275
0,274
0,273
0,272
0,271
0,270
0,269
0,268
0,267
0,266
0,265
0,264
0,263
0,262
0,261
0,260
0,259
0,258
0,257
0,256
0,255
0,254
0,253
0,252
0,251
0,250
0,249
0,248
0,247
0,246
0,245
0,244
0,242
0,241
0,240
0,239
0,238
0,237
0,236
0,235
0,234
0,233
0,232
0,231
0,230
0,229
0,228
0,227
0,226
0,225
0,224
0,223
0,222
0,221
0,220
0,219
0,218
0,217
0,216
0,215
0,214
0,213
0,212
0,211
0,210
0,209
0,208
0,207
0,206
0,205
0,204
0,203
0,202
0,201
0,200
0,199
0,198
0,197
0,196
0,195
0,194
0,193
0,192
0,63
0,62
0,61
0,60
0,59
0,58
0,57
0,56
0,55
0,54
0,53
0,52
0,315
0,51
0,314
0,50
0,313
0,49
0,312
0,48
0,311
0,47
0,309
0,46
0,306
0,45
0,301
0,6
0,5
0,1
0,11
0,4
0,2
0,3
0,7
